# Cost component
## case9_with_DR
Wind cost = 
 [100. 100. 100. 100. 100. 100. 100. 100. 100. 100. 100. 100. 100. 100.
 100. 100. 100. 100. 100. 100. 100. 100. 100. 100.]
Total generation cost = 
 [6759.57230999 6775.08442487 6795.48367361 6813.45767747 6829.39190055
 6847.03735373 6855.88451412 6840.48458304 6796.2290017  6730.78103375
 6674.83414282 6628.08984364 6583.52101569 6565.30267525 6545.38192562
 6576.97639648 6614.45767619 6658.81305069 6667.93362266 6685.61775586
 6695.79539372 6705.75734237 6730.1271394  6787.0062553 ]
Total generation reserve cost = 
 [136.82104323 137.57800736 132.37785713 123.51498037 120.33996273
 124.74341136 131.67098375 148.04888966 160.92619406 161.46724872
 165.30722127 172.30033832 169.604135   165.34810287 164.56175632
 160.3041085  154.44632026 171.89028049 173.16810174 186.73053866
 197.7342091  180.23872538 190.63619793 172.62014132]
Total load reserve cost = 
 [134.08468666 134.82676237 129.73032533 121.04471604 117.93317223
 122.24858915 129.03758834 145.08793764 157.7076956  158.23794749
 162.00110991 168.85435994 166.2120989  162.04111211 161.27055745
 157.0980511  151.35741576 168.45364462 169.70666685 183.00125529
 193.78909688 176.6365295  186.82771553 169.16900854]
Total reserve cost = 
 [270.90572989 272.40476973 262.10818246 244.55969641 238.27313497
 246.99200051 260.70857209 293.1368273  318.63388966 319.7051962
 327.30833117 341.15469826 335.8162339  327.38921499 325.83231377
 317.40215959 305.80373602 340.34392511 342.87476859 369.73179396
 391.52330598 356.87525488 377.46391346 341.78914986]
total cost = 
 [7130.47803989 7147.4891946  7157.59185608 7158.01737388 7167.66503552
 7194.02935424 7216.59308622 7233.62141034 7214.86289136 7150.48622995
 7102.14247399 7069.2445419  7019.33724959 6992.69189024 6971.21423939
 6994.37855607 7020.26141221 7099.1569758  7110.80839125 7155.34954982
 7187.3186997  7162.63259726 7207.59105287 7228.79540516]
 
## case9_with_DR_v2
Wind cost = 
 [100. 100. 100. 100. 100. 100. 100. 100. 100. 100. 100. 100. 100. 100.
 100. 100. 100. 100. 100. 100. 100. 100. 100. 100.]
Total generation cost = 
 [6754.77800155 6770.16833217 6790.5060463  6808.35095236 6824.45015402
 6841.957952   6850.93104091 6835.33224386 6791.44697985 6725.91434751
 6670.27835751 6623.65768151 6579.04552346 6561.24575643 6540.72552737
 6572.67286246 6609.93971375 6654.24220876 6663.80265232 6681.06641032
 6691.09646803 6701.22665792 6725.37155798 6782.14013116]
Total generation reserve cost = 
 [136.74364014 137.49759024 132.28601646 123.43751394 120.20872845
 124.62300924 131.53975567 147.96071995 160.83430962 161.38958168
 165.18745653 172.18053223 169.47932393 165.23260991 164.43620841
 160.18421311 154.33196822 169.34478407 170.52456586 185.79672297
 197.52387363 179.88436706 190.2614215  172.47318416]
Total load reserve cost = 
 [134.00881141 134.74805753 129.64032221 120.96893879 117.80458604
 122.13055375 128.90898394 145.00153646 157.61765419 158.161841
 161.88373367 168.73697468 166.08982421 161.92798276 161.14748609
 156.98055454 151.24534946 165.95889503 167.11578357 182.0862507
 193.5829075  176.28923963 186.46038517 169.02501292]
Total reserve cost = 
 [270.75245155 272.24564778 261.92633867 244.40645272 238.01331449
 246.75356298 260.44873961 292.96225642 318.4519638  319.55142268
 327.0711902  340.9175069  335.56914814 327.16059267 325.5836945
 317.16476765 305.57731768 335.3036791  337.64034943 367.88297367
 391.10678113 356.17360669 376.72180666 341.49819708]
total cost = 
 [7125.5304531  7142.41397994 7152.43238497 7152.75740509 7162.46346851
 7188.71151499 7211.37978052 7228.29450027 7209.89894366 7145.46577019
 7097.34954771 7064.57518841 7014.6146716  6988.4063491  6966.30922187
 6989.83763011 7015.51703143 7089.54588786 7101.44300174 7148.94938398
 7182.20324916 7157.40026462 7202.09336464 7223.63832825]
